{"teams": ["Arsenal", "Aston Villa", "Bournemouth", "Brentford", "Brighton", "Burnley", "Chelsea", "Crystal Palace", "Everton", "Fulham", "Ipswich", "Leeds", "Leicester", "Liverpool", "Luton", "Man City", "Man United", "Newcastle", "Norwich", "Nott'm Forest", "Sheffield United", "Southampton", "Sunderland", "Tottenham", "Watford", "West Ham", "Wolves"], "attack": [0.3702973330182939, 0.13207645811459146, 0.02943878311150223, 0.10382964998597091, 0.11499776995964957, -0.25331221224432365, 0.19206340976228672, -0.057851174537076756, -0.19418479299777638, 0.041645401840341385, -0.2184587425056061, -0.06506566216360957, -0.03357297772318502, 0.43487036474256263, 0.021149003820358617, 0.5074353130602093, 0.10593091933235055, 0.21179300851777202, -0.4830163104940898, -0.03731622971684716, -0.23879857994828735, -0.31163872021776134, -0.11235603635289206, 0.2349612269706543, -0.28259288220241713, 0.004519723914118316, -0.2168440450467895], "defence": [0.4151378082713194, 0.10338827523529746, -0.006434478470520963, 0.04988441538094424, 0.09142913777320943, -0.1375447460604086, 0.18288238219421368, 0.1301038336666689, 0.0926571440951955, 0.06867183382265404, -0.2522608854899946, -0.1748190796026442, -0.14979122555253185, 0.28890623981675295, -0.2860204104906632, 0.44853241280803097, 0.10120911582697997, 0.10478983738052097, -0.29503592570473414, 0.021691716888171078, -0.45312954924490384, -0.2199371626702017, 0.1496864644471153, 0.013881609263115942, -0.2265859846418451, -0.04157939193082749, -0.019713387010914296], "home_adv": 0.18417098587584624, "rho": -0.03339275632885267, "intercept": 0.24421390926096212, "sigma_att": 0.236944844473396, "sigma_def": 0.21437436022224185, "mean_vector": [0.3702973330182939, 0.13207645811459146, 0.02943878311150223, 0.10382964998597091, 0.11499776995964957, -0.25331221224432365, 0.19206340976228672, -0.057851174537076756, -0.19418479299777638, 0.041645401840341385, -0.2184587425056061, -0.06506566216360957, -0.03357297772318502, 0.43487036474256263, 0.021149003820358617, 0.5074353130602093, 0.10593091933235055, 0.21179300851777202, -0.4830163104940898, -0.03731622971684716, -0.23879857994828735, -0.31163872021776134, -0.11235603635289206, 0.2349612269706543, -0.28259288220241713, 0.004519723914118316, 0.4151378082713194, 0.10338827523529746, -0.006434478470520963, 0.04988441538094424, 0.09142913777320943, -0.1375447460604086, 0.18288238219421368, 0.1301038336666689, 0.0926571440951955, 0.06867183382265404, -0.2522608854899946, -0.1748190796026442, -0.14979122555253185, 0.28890623981675295, -0.2860204104906632, 0.44853241280803097, 0.10120911582697997, 0.10478983738052097, -0.29503592570473414, 0.021691716888171078, -0.45312954924490384, -0.2199371626702017, 0.1496864644471153, 0.013881609263115942, -0.2265859846418451, -0.04157939193082749, 0.18417098587584624, -0.03339275632885267, 0.24421390926096212, -1.439927888672323, -1.5400314454524298], "cov_matrix": [[0.0027793778533446454, 0.00015373955037536815, 8.269490988090289e-05, 0.00014405771339588325, 0.00014792454607532598, -0.00017367122144988807, 0.00017240851347867124, 8.329276100494388e-05, 1.9474983419579857e-05, 8.906232321933335e-05, -0.0007173298475363763, -3.29397918333216e-05, -7.720227885949183e-06, 0.00023107003188385135, -0.0003193853218007556, 0.00024404196133789158, 0.00014500986306526287, 0.00017803903124506888, -0.0012420515368342599, 5.225112798327933e-05, -0.0007519235453481822, -0.00022870743610420218, -0.0005374156974472283, 0.00018373723930784639, -0.0008081901765598296, 0.0001074995259562609, -0.00018015605691531618, -1.3307494645817965e-06, 1.1964926730146658e-05, -5.48069100337801e-07, -1.2412578353544974e-06, 6.89808301310472e-07, -4.1424573086994e-06, -3.106808777543666e-07, 2.1616639833422063e-06, 1.0125715995858914e-05, 4.191036976970773e-05, 1.059643234885299e-05, 8.165135426319148e-06, -9.7460902748931e-06, 2.379874369391808e-05, -1.5290299848480983e-05, -1.6369323764331867e-06, -2.1820892566853537e-06, 1.4631531828528095e-05, 1.1497084709357806e-05, 3.681280162203222e-05, 1.4559096410581833e-05, 1.8844764182904155e-05, -1.9598176095127036e-06, 6.491284694397071e-06, 2.4416417028527186e-06, 2.9992981658821767e-07, -5.450084710445434e-06, -0.00026341576056715746, 0.0018864069671189498, -0.0001070412239413365], [0.00015373955037536815, 0.0033503266279222006, 3.5237929547975974e-05, 9.100493822942702e-05, 9.388967271603283e-05, -0.00018227214396172208, 0.00011569901132184036, 4.1802149568282636e-05, -8.543916084335439e-06, 4.159054417484562e-05, -0.0006796248901230195, -6.717921814838578e-05, -4.510062678394609e-05, 0.00016437163105626054, -0.0003603373781493696, 0.00017598760600561993, 9.397453743453738e-05, 0.00011999035750448258, -0.0010939686695193795, 9.97174976681796e-06, -0.0007070156377502786, -0.00022459099386837962, -0.0005387343541267271, 0.00012576655224600481, -0.0007485768185071639, 6.245906167050553e-05, -5.332375106735862e-06, -0.0001698053132869796, 1.1201985497919474e-05, 3.7955238196723744e-06, 2.6149102183255247e-06, 1.1072528700692673e-06, -7.261664741628173e-07, 2.299750481227961e-06, 2.1983546700881864e-06, 1.0971170359864872e-05, 3.296958783882754e-05, 9.383226507859142e-06, 6.860785786287581e-06, -3.696433197456074e-06, 1.529287534058337e-05, -6.666573469930425e-06, -4.1784782815996557e-07, -2.634271748553854e-07, 9.42304899138833e-06, 1.0139132258787774e-05, 2.2857606420107928e-05, 1.1775878266018273e-05, 2.226058550069286e-05, -1.165877454851598e-06, 6.708772300529316e-06, 2.579723467739586e-06, -1.1257261781686176e-07, 1.4919320390702942e-05, -0.00021583113710060578, 0.0013681705519679125, -4.317569303688307e-05], [8.269490988090289e-05, 3.5237929547975974e-05, 0.00444735410136377, 3.1424673597916746e-05, 3.1736401471224316e-05, -0.0002141066687550186, 5.089238654277282e-05, -1.1441512726473967e-05, -5.9021257388937525e-05, -1.7823150328135108e-05, -0.0006814324185821228, -0.00012067180026574694, -0.00010377195735663083, 9.251018317637121e-05, -0.00040806448871697995, 0.00010222181912697534, 2.90184876041202e-05, 5.43018387070871e-05, -0.0010266991282586548, -4.434480058030677e-05, -0.0007018280967295273, -0.0002559025809578707, -0.0005604244571469183, 5.6548725212392933e-05, -0.0007437231159160183, 3.3412117702953337e-06, 1.3924250151151364e-05, 1.2024960917560581e-05, -0.0001522828801700832, 7.119568132074276e-06, 1.1228386012780895e-05, -2.265651404928998e-05, 9.637735521981492e-06, 9.134140222238923e-06, 1.4338560776539129e-05, 5.8422522696116306e-05, 5.891710333355183e-05, -1.345079847033275e-05, -1.2468508697499075e-05, 1.1098077191032266e-05, 4.390117773864185e-05, 1.4606907110034896e-05, 1.210895526813889e-05, 9.001159788993425e-06, -0.00013944452684149387, 5.9404776452335304e-05, 4.616619929372828e-05, -9.991762559657658e-06, 6.652686923161216e-05, 9.65497973869244e-06, -0.0001385044035043814, 9.37643264727732e-06, -2.334990438148251e-07, -2.2900467664307888e-05, -0.00014690533729904196, 0.0010590896744788073, 6.171449135358966e-05], [0.00014405771339588325, 9.100493822942702e-05, 3.1424673597916746e-05, 0.003439340481970793, 8.975750704731192e-05, -0.0001829386540756231, 0.0001081875148305402, 3.953343995926371e-05, -1.374211656160922e-05, 3.4554308904318e-05, -0.0006767070487386943, -6.893125875464712e-05, -5.408365451903803e-05, 0.0001550523338957677, -0.0003695387264910112, 0.0001652662638554665, 8.4086891324409e-05, 0.00011200144421187812, -0.0010659199869421177, 3.2031205728760307e-06, -0.000702901636527625, -0.00022682167198987213, -0.0005367316720533579, 0.00011607837903922464, -0.0007426304185868184, 5.397751090992691e-05, 2.0031652096745907e-07, 3.5039874967553003e-06, 9.647227920073549e-06, -0.0001773404928258389, 7.954930701970749e-08, -7.810731048454239e-07, -4.793987640622527e-07, -9.535729689575026e-07, 5.333229147595639e-06, 8.828321236240957e-06, 2.9731627736222205e-05, 5.895817229569143e-06, 8.165031108110788e-06, -7.852957467212599e-07, 1.4782273423444586e-05, -1.6886189154919564e-07, 3.557554745754527e-06, 1.2964854011025618e-06, 4.307109288135475e-06, 1.3690299090929853e-05, 2.3598840474836443e-05, 1.226293544445525e-05, 2.3918449641013144e-05, 7.331099841550833e-07, 1.5963228569526567e-06, 3.5411856362242702e-06, 3.875926113529653e-07, -4.2902737439539965e-05, -0.0002096747587919368, 0.001288770519113714, -2.7198982399147057e-05], [0.00014792454607532598, 9.388967271603283e-05, 3.1736401471224316e-05, 8.975750704731192e-05, 0.003402129098020679, -0.00018268316402315893, 0.00010978385540355156, 4.066533150543951e-05, -1.29795407680532e-05, 3.5201914362406676e-05, -0.0006747472489926883, -6.891088906587451e-05, -5.1992016280277365e-05, 0.00015847282921783003, -0.0003672975793814656, 0.00016890889206263123, 8.68500131623368e-05, 0.00011563121272286701, -0.0010671165283595505, 6.30797458013445e-06, -0.0007051032937045285, -0.00022692933891609062, -0.0005342013898943184, 0.00011756104890417579, -0.0007457773423912774, 5.725899836691808e-05, -1.598195511299671e-06, 3.179373347963156e-06, 1.1548902604587285e-05, -1.9457810674404776e-06, -0.00017298707443160806, -3.932893371867987e-07, 3.483431828316762e-07, 4.998888052850733e-07, 5.426581354992187e-06, 1.1470449484755272e-05, 2.86521853065223e-05, 8.355747569049128e-06, 8.433559082004363e-06, -1.8186286812136471e-06, 1.5705485134804738e-05, -2.8785041263085995e-06, 2.813606281918586e-06, -1.8263837535662102e-07, 1.9429738824808917e-06, 1.2813979930847974e-05, 2.250157306239595e-05, 1.2607110042046743e-05, 2.1098607832698325e-05, 3.0399183603802297e-06, 2.5115071889238815e-06, 2.8950278376167326e-06, 3.061434943511961e-08, -4.004506432074141e-05, -0.00021135062095122258, 0.001316363285379593, -3.475603845628159e-05], [-0.00017367122144988807, -0.00018227214396172208, -0.0002141066687550186, -0.0001829386540756231, -0.00018268316402315893, 0.007146656287623925, -0.0001807204053533837, -0.0001829283151703198, -0.0001794150093082164, -0.00021549171147787995, -0.0005515344630832931, -0.000266079122648518, -0.0002627624667747209, -0.00017313000516074034, -0.0005801418015526569, -0.00016966212631426173, -0.00018283734490892703, -0.00018077375500427943, -0.0004456332238440732, -0.00021545117104042994, -0.0005418702081489428, -0.0002491867478322217, -0.0005769623435437133, -0.00018102841362855433, -0.0005132165180527337, -0.00018270935656969117, -1.14236395683428e-06, -4.2294145211695876e-07, -2.5877670332973723e-05, -6.226343353164474e-07, -4.6107178488341306e-07, -0.00016279848660886377, -6.181457365722737e-07, -1.0209889980110762e-06, -2.6229127533227288e-06, -2.464705617759112e-05, -0.00011252778062138997, 2.3111303624044424e-05, -5.903953388642777e-05, 2.221338238795768e-06, 9.311976888214328e-05, 5.029893714398282e-07, 4.828653367193369e-07, 8.884856052443524e-07, 9.177115591141658e-05, -2.466733489152902e-05, 9.081774095716084e-05, -6.104415306853542e-05, 8.409736492399435e-05, 1.3263002729914165e-06, 9.354051891464682e-05, -2.070271968273946e-06, -3.206213285664857e-08, -9.827138241811081e-06, 4.132450030626495e-05, -0.000949530958854502, -3.0364243121117886e-05], [0.00017240851347867124, 0.00011569901132184036, 5.089238654277282e-05, 0.0001081875148305402, 0.00010978385540355156, -0.0001807204053533837, 0.0031936763327170543, 5.426483326766973e-05, -1.365212372666673e-06, 5.5839073855730497e-05, -0.0006922079954297412, -5.8237614775393914e-05, -3.577098180489905e-05, 0.0001849646454566597, -0.0003490488042264489, 0.00019566300046131493, 0.0001079795229467202, 0.00013639609186668125, -0.0011390190753201798, 2.1445703683611373e-05, -0.0007218726862815488, -0.00022706380997093234, -0.0005386455137248261, 0.00014215903692836802, -0.0007678821041472814, 7.510939037684943e-05, -5.6165630112712415e-06, 4.694337869359921e-07, 1.0033248297443546e-05, -2.1915019658946777e-07, 1.1489953964316731e-06, 8.807505178300828e-07, -0.00017274050096510203, 1.0562336373912516e-06, 2.971380956373423e-06, 9.666053442774615e-06, 3.5110980011885114e-05, 1.0048854300519231e-05, 8.010601619104706e-06, -7.110348351472815e-06, 1.7694569727637887e-05, -5.693351297119609e-06, 6.576336656090812e-07, 6.354206515260586e-07, 9.873125921470635e-06, 1.2278553404191366e-05, 2.669080132753358e-05, 1.3063886814191468e-05, 2.180316455573769e-05, -7.38173131074439e-07, 3.935741263810044e-06, 2.1836175988566606e-06, -3.0931451718431324e-07, -8.491701015725027e-07, -0.00022933641976691016, 0.0015267058037288796, -5.804062902552176e-05], [8.329276100494388e-05, 4.1802149568282636e-05, -1.1441512726473967e-05, 3.953343995926371e-05, 4.066533150543951e-05, -0.0001829283151703198, 5.426483326766973e-05, 0.0038885768764281023, -3.6682136422740914e-05, -1.0725351138418377e-05, -0.0006311262403525262, -9.917741919224392e-05, -8.762448981106276e-05, 9.273663051952125e-05, -0.000408924924252903, 0.00010097086842228911, 3.638276042716464e-05, 5.9464239755259806e-05, -0.0008954221019481823, -3.249854880269535e-05, -0.0006491082190768398, -0.00021581253305932488, -0.0005282439287171757, 5.8615277749188876e-05, -0.0006726697394303785, 1.3462058271668646e-05, 1.6822240202736004e-06, 3.425089060276934e-06, 8.892823737597538e-06, -2.2528202370579335e-06, 7.877525314481583e-07, -7.014047470350578e-07, 1.4430462739478375e-06, -0.0001760989213758795, 3.892978550105259e-06, 8.12480395342705e-06, 2.778317558132464e-05, 7.326614968177504e-06, 8.464731356821664e-06, -4.3236316765867817e-07, 1.5652693791960485e-05, -1.3659868295889038e-06, 3.566783743572497e-06, 3.443492308509078e-07, 6.499468199648713e-06, 1.2906090492221333e-05, 1.972841035573241e-05, 1.2580369221389163e-05, 1.775614484475092e-05, 5.182022608670096e-06, 5.7640266646682865e-06, 3.330933942571096e-06, 7.311515341902906e-07, -5.232396123203465e-05, -0.00016545752025290717, 0.0007225734219760496, -3.9346260305464316e-05], [1.9474983419579857e-05, -8.543916084335439e-06, -5.9021257388937525e-05, -1.374211656160922e-05, -1.29795407680532e-05, -0.0001794150093082164, -1.365212372666673e-06, -3.6682136422740914e-05, 0.004347604175434337, -5.401279277472073e-05, -0.0005756300197133651, -0.00013457781729834265, -0.00012332796136164172, 2.543450371796676e-05, -0.0004471315572725081, 3.202968142110995e-05, -1.3580268798037706e-05, 3.9454776690019934e-07, -0.000711037569627433, -7.044177064863976e-05, -0.0005849816621882806, -0.00019805767867879179, -0.0005243449584231975, 3.1898959573489024e-06, -0.0005866501388182845, -2.784740222640254e-05, 1.2360174156799836e-08, 1.9825808615302793e-06, 8.692529090379359e-06, 2.8721016348033614e-06, 3.0937128826807486e-06, -1.481905381797469e-07, 2.268320621659224e-06, 1.9516705997974282e-06, -0.00016641733835433026, 6.430154384173628e-06, 2.448316698554138e-05, 1.1306335815987377e-05, 1.0032017063121147e-05, 4.4778617164186584e-07, 1.2656487015114904e-05, 3.646298645164265e-07, 2.8869613043643206e-06, 2.252601274938229e-06, 9.707130471173972e-06, 7.422184765070698e-06, 1.3382237778727824e-05, 1.101013776206921e-05, 1.7175271392697863e-05, 2.024402179729808e-06, 7.086758804780736e-06, 2.907298891804731e-06, -2.997358677861978e-07, -1.8277869963450142e-06, -0.00011912495253766819, 9.837833979616614e-05, -3.04635186090308e-05], [8.906232321933335e-05, 4.159054417484562e-05, -1.7823150328135108e-05, 3.4554308904318e-05, 3.5201914362406676e-05, -0.00021549171147787995, 5.5839073855730497e-05, -1.0725351138418377e-05, -5.401279277472073e-05, 0.004382647481731645, -0.0006829013526932061, -0.00011893712252618853, -9.873693078184485e-05, 9.856252997800336e-05, -0.000401417084906812, 0.000109323575404737, 3.5184638297722844e-05, 5.7870923499867466e-05, -0.001045651656294101, -3.84706966045554e-05, -0.0007037267507593605, -0.00025193661994621185, -0.000561787176348459, 6.430793875481132e-05, -0.0007473781282740695, 7.89872373136231e-06, 9.60851822195001e-06, 9.887807777743261e-06, 5.970785828144375e-05, 9.634691161583405e-06, 1.1230001286371094e-05, -1.9714336168835774e-05, 9.374881841497731e-06, 1.183421447452902e-05, 9.545704354833198e-06, -0.00014905017233868685, 6.227716030385897e-05, -1.0101629188891872e-05, -1.3412580306958788e-05, 8.996875848156713e-06, 4.5238112590718246e-05, 9.283655871970367e-06, 1.0919729122412055e-05, 1.0900471068356047e-05, -0.00013378759306485898, 5.537874873474463e-05, 4.885751282154759e-05, -1.308065105755088e-05, 6.420897288812947e-05, 7.603093715822576e-06, -0.00013533421503676018, 1.0730941452364577e-05, -4.424335344045573e-07, 2.2087209774270952e-05, -0.00015081111000630017, 0.0011095206575659172, 4.0034639439874805e-05], [-0.0007173298475363763, -0.0006796248901230195, -0.0006814324185821228, -0.0006767070487386943, -0.0006747472489926883, -0.0005515344630832931, -0.0006922079954297412, -0.0006311262403525262, -0.0005756300197133651, -0.0006829013526932061, 0.016724987810019906, -0.0006690925862437112, -0.0006881739445075867, -0.0007248154542409621, -0.0009751440585752554, -0.000728513092439914, -0.0006737682149780095, -0.0006976670032271082, -6.48488905028535e-05, -0.000654985255683581, -0.000580541082809808, -0.0004978686091977575, -0.0007973094482263429, -0.0006992155282478404, -0.0004990668162170103, -0.0006473681918671877, 4.716620769607835e-05, 2.838227985199846e-05, 4.9308149354600745e-05, 3.348143089016729e-05, 2.6709599777402804e-05, -0.00010301433859016614, 3.3908985070920885e-05, 3.458127520882547e-05, 2.266015752769123e-05, 5.1854520104892634e-05, -0.00011634550259164824, -9.597410892620939e-05, 0.0001082710691785986, 4.191360467024648e-05, -0.00010828625348346973, 5.043499434360066e-05, 2.7873877615697392e-05, 3.194880429008912e-05, -0.00010031550144427506, 4.850219969542292e-05, -0.00013507598209230995, 9.719779351249624e-05, -5.8117506008734e-05, 2.721293072443965e-05, -8.559033871958428e-05, 2.2818772424410753e-05, -1.4822713958267205e-07, 3.7636562598861734e-05, 0.0005643409751637196, -0.0029827017595438904, 0.0001990136538174448], [-3.29397918333216e-05, -6.717921814838578e-05, -0.00012067180026574694, -6.893125875464712e-05, -6.891088906587451e-05, -0.000266079122648518, -5.8237614775393914e-05, -9.917741919224392e-05, -0.00013457781729834265, -0.00011893712252618853, -0.0006690925862437112, 0.006144589250594056, -0.00018449061172496072, -2.4064999551239567e-05, -0.0004981680732130826, -1.7921492587762484e-05, -7.323755707738981e-05, -5.1942730884052145e-05, -0.0008825606147271801, -0.0001372203287136314, -0.0006923652318938837, -0.00028903895195320206, -0.0005984640092293106, -5.3448272190876325e-05, -0.0007020943262605979, -9.256416960999465e-05, 2.3263621738226093e-05, 1.2397141551391329e-05, -9.032865140967476e-06, 6.9506254577442535e-06, 1.1527390276543142e-05, 2.063254649659429e-05, 1.5328230310281927e-05, 9.527544737689634e-06, 1.5055449083722751e-05, -6.513436654247271e-06, -0.00011685382917635609, -0.00015946315087019827, 3.1537942569593956e-05, 1.5096767134766124e-05, -0.00013188565309561919, 2.4076365251484993e-05, 1.400378289314897e-05, 1.0391116972710199e-05, 8.42325312557094e-05, -5.649565810979041e-06, -0.0001397992096761758, 3.1840258053576134e-05, 0.00012140013021181115, 1.2031532572687635e-05, 8.638016374243015e-05, 1.1014348351361327e-05, 6.228869008370815e-07, -3.438713169330469e-05, -4.638818524851781e-05, 0.0004893421037609367, 0.00012664612380107855], [-7.720227885949183e-06, -4.510062678394609e-05, -0.00010377195735663083, -5.408365451903803e-05, -5.1992016280277365e-05, -0.0002627624667747209, -3.577098180489905e-05, -8.762448981106276e-05, -0.00012332796136164172, -9.873693078184485e-05, -0.0006881739445075867, -0.00018449061172496072, 0.005927805262459958, -8.336814075285118e-08, -0.0004844733257691095, 9.126942413776449e-06, -5.1800087303708776e-05, -3.226889502861642e-05, -0.0009481190792826819, -0.00012096050872377196, -0.0007134272148141935, -0.0002901771041821401, -0.0005971383537150226, -2.842738651124648e-05, -0.0007231251106550134, -7.355032086302502e-05, 6.535367575750646e-06, 5.403622078377539e-06, -9.511568749351791e-06, 9.744427251480567e-06, 9.352224171422515e-06, -6.178676693192111e-05, 8.47326613830559e-06, 8.784736806186822e-06, 8.567716699993621e-06, -9.537485091637988e-06, 0.00011484940162493769, 3.207604569314054e-05, -0.00014554772124687526, 7.219372104189532e-06, -0.000119038387051783, 7.951691863522052e-06, 8.021543768966088e-06, 6.192465124490827e-06, 9.958634270744148e-05, -1.1960507204510428e-05, -0.0001203120837475441, 0.00011742431881712974, -9.025681445507509e-05, 5.909253825483716e-06, 9.602222545568923e-05, 7.74434492483307e-06, -6.376156214125273e-07, 1.8920811959358603e-05, -6.450406569892119e-05, 0.0006972589195139223, 6.473587938559192e-06], [0.00023107003188385135, 0.00016437163105626054, 9.251018317637121e-05, 0.0001550523338957677, 0.00015847282921783003, -0.00017313000516074034, 0.0001849646454566597, 9.273663051952125e-05, 2.543450371796676e-05, 9.856252997800336e-05, -0.0007248154542409621, -2.4064999551239567e-05, -8.336814075285118e-08, 0.0026657014092477736, -0.0003114297373801991, 0.0002571944698454361, 0.0001559615593742667, 0.00018951413479479179, -0.0012712411494904688, 5.90615285425096e-05, -0.0007610715950157273, -0.0002297522335802719, -0.0005367068889933509, 0.00019522964650695777, -0.0008205911373003887, 0.00011648439863328196, -1.0353827866781752e-05, -8.107754897919039e-07, 1.3289509931897705e-05, -7.903970915978075e-07, -3.830038323399047e-07, 6.941691314065443e-07, -4.509347833732206e-06, 9.426740997634513e-08, 2.6311160416863e-06, 1.1027834874858894e-05, 3.987023634274324e-05, 8.859832270032159e-06, 8.695465779831643e-06, -0.00017928094667631707, 2.147488233265035e-05, -1.1697470881758495e-05, -1.1691995597650026e-06, -2.112930454197313e-06, 1.106939475412664e-05, 1.4941984341924775e-05, 3.386782462408598e-05, 1.3452523126921833e-05, 2.1840438744623536e-05, -1.1593048716482174e-06, 3.5774823447433476e-06, 2.172711952666345e-06, 1.4813469805398857e-07, -1.6053663005977122e-05, -0.000273854150395898, 0.001990634652263673, -8.320913398424362e-05], [-0.0003193853218007556, -0.0003603373781493696, -0.00040806448871697995, -0.0003695387264910112, -0.0003672975793814656, -0.0005801418015526569, -0.0003490488042264489, -0.000408924924252903, -0.0004471315572725081, -0.000401417084906812, -0.0009751440585752554, -0.0004981680732130826, -0.0004844733257691095, -0.0003114297373801991, 0.013721553347547146, -0.00030166959710605456, -0.0003660534784541007, -0.0003471105688655245, -0.001310922732854021, -0.00042675561035971244, -0.0009863225775397014, -0.0006215609632677964, -0.0008575365135189607, -0.0003402827320967628, -0.0010393443883190178, -0.0003899625612212295, -3.50468953329885e-06, 3.738668591608322e-06, 4.688354483327511e-05, 9.512642444684033e-06, 7.814185662087768e-06, 9.303764374553494e-05, 4.144895393743299e-06, 9.049586562981374e-06, 6.625074115202799e-06, 4.8172847390400056e-05, -7.343600630998872e-05, -0.00011231348429355324, -0.00011561595235030792, -2.218879653945249e-09, -8.852952860106428e-05, -3.969092617891284e-06, 5.9958659970454355e-06, 5.291601423659199e-06, -9.471154806222761e-05, 4.397767082481203e-05, 0.00047919125747280383, -0.00011329818949519373, -7.836362491634405e-05, 6.047626912812341e-06, -9.972506631587029e-05, 6.88351796252413e-06, -1.1520050960022836e-07, 4.101078175028001e-05, 0.0002750196723561577, 0.001058068737819648, -6.643550694013281e-05], [0.00024404196133789158, 0.00017598760600561993, 0.00010222181912697534, 0.0001652662638554665, 0.00016890889206263123, -0.00016966212631426173, 0.00019566300046131493, 0.00010097086842228911, 3.202968142110995e-05, 0.000109323575404737, -0.000728513092439914, -1.7921492587762484e-05, 9.126942413776449e-06, 0.0002571944698454361, -0.00030166959710605456, 0.0025148281988001038, 0.0001672708189724277, 0.0002010528754515112, -0.0012956345076911907, 6.839455447976109e-05, -0.0007657648829422917, -0.00022512132128980932, -0.0005334357973927691, 0.00020794116149916973, -0.000827461437939072, 0.00012688661469764098, -1.4067042580716205e-05, -1.3881313318022077e-06, 1.2428938438774879e-05, 1.2249375192056434e-07, -8.220925926450702e-07, 1.6243521556790645e-06, -4.744692959950029e-06, -6.641164102746633e-07, 1.8575884659002764e-06, 1.047934896389571e-05, 4.3950641226193506e-05, 1.0936702160569344e-05, 8.02830447850526e-06, -1.0163778724408125e-05, 2.478354772562928e-05, -0.0001841669767981817, -2.800968392122745e-06, -3.183065803719407e-06, 1.5569539114465817e-05, 1.2879700912665691e-05, 3.9094490788869915e-05, 1.2678884637960992e-05, 1.7452160187880933e-05, -1.5153035941833977e-06, 6.371510435591866e-06, 1.5123418414788268e-06, 3.7779689862730337e-07, 4.6646470699068135e-07, -0.00028369955330773274, 0.0020758910298362436, -0.0001147076097037456], [0.00014500986306526287, 9.397453743453738e-05, 2.90184876041202e-05, 8.4086891324409e-05, 8.68500131623368e-05, -0.00018283734490892703, 0.0001079795229467202, 3.638276042716464e-05, -1.3580268798037706e-05, 3.5184638297722844e-05, -0.0006737682149780095, -7.323755707738981e-05, -5.1800087303708776e-05, 0.0001559615593742667, -0.0003660534784541007, 0.0001672708189724277, 0.003417301583451692, 0.00011213832399637986, -0.0010716662239443114, 4.56971215918182e-06, -0.0007000302464854911, -0.0002219291960461851, -0.0005356372923113553, 0.00011772147325779712, -0.0007360039567556562, 5.634009507170868e-05, -4.094732122574123e-06, -9.10196561943129e-08, 1.1225095810666602e-05, 2.865837162078853e-06, 2.9293655736542624e-06, 1.328344665548914e-06, 2.2252980157890815e-07, 3.7552307850581914e-06, 4.074523463694872e-06, 1.0352810759208337e-05, 3.256094255996691e-05, 1.0630747754924513e-05, 8.224951237722066e-06, -4.6840340303759754e-06, 1.521046245568428e-05, -7.09664861574513e-06, -0.0001696157183323094, 1.3150696732095026e-07, 9.5906629622249e-06, 1.0831619501005408e-05, 2.233248867592094e-05, 1.0151725020082299e-05, 1.9944290168726596e-05, -1.945469676491658e-07, 2.062974427323771e-06, 2.7286428711742006e-06, -2.2966998183954542e-07, 1.4457704969184795e-05, -0.00020908738289760295, 0.0012917959074371568, -4.158943776225301e-05], [0.00017803903124506888, 0.00011999035750448258, 5.43018387070871e-05, 0.00011200144421187812, 0.00011563121272286701, -0.00018077375500427943, 0.00013639609186668125, 5.9464239755259806e-05, 3.9454776690019934e-07, 5.7870923499867466e-05, -0.0006976670032271082, -5.1942730884052145e-05, -3.226889502861642e-05, 0.00018951413479479179, -0.0003471105688655245, 0.0002010528754515112, 0.00011213832399637986, 0.0031613789358188806, -0.0011521174192063335, 2.4351629007565107e-05, -0.0007279187751475394, -0.00022974374521495975, -0.0005382843944944884, 0.00014581155816362508, -0.0007759898780278587, 7.779823013681378e-05, -3.4990477311365022e-06, 5.889895228477244e-07, 1.1073853251733862e-05, -2.8753105885185723e-07, 6.684955059323961e-07, -2.326032792692427e-07, -9.990706679642288e-08, -6.00768697987696e-07, 4.847676828103527e-06, 1.0945438222035675e-05, 3.300866701263095e-05, 6.626604003868077e-06, 6.7372589158283525e-06, -2.933876921392372e-06, 1.875757663005723e-05, -4.699572048312816e-06, 1.3725306240142519e-06, -0.0001749583200878987, 6.283762626533461e-06, 1.3377105305221607e-05, 2.471017844006621e-05, 1.234800346396126e-05, 2.5901312143050585e-05, 8.48405042404189e-07, 1.6570170570030867e-06, 2.8884838217048805e-06, 4.351766491102953e-07, -2.767521643146327e-05, -0.00023422312959352627, 0.001577288198658474, -4.121367117994474e-05], [-0.0012420515368342599, -0.0010939686695193795, -0.0010266991282586548, -0.0010659199869421177, -0.0010671165283595505, -0.0004456332238440732, -0.0011390190753201798, -0.0008954221019481823, -0.000711037569627433, -0.001045651656294101, -6.48488905028535e-05, -0.0008825606147271801, -0.0009481190792826819, -0.0012712411494904688, -0.001310922732854021, -0.0012956345076911907, -0.0010716662239443114, -0.0011521174192063335, 0.022062052464527346, -0.000937709153934239, 4.736543971618921e-05, -0.00028300226879741274, -0.0006573124911222523, -0.0011736755847477297, 0.00031803610085203083, -0.0009730733507941373, 3.538811187151578e-05, 1.731229631034516e-05, -0.00012524958730788415, 8.186119856792469e-06, 2.497135833959162e-06, 6.693027647326194e-05, 1.8326192582429998e-05, 7.332913723550691e-07, -1.2671596799304524e-06, -0.00012385961375512505, -0.00012658982025877066, 8.408345194867652e-05, 9.654884061533817e-05, 3.376915956929904e-05, -9.897982254934094e-05, 3.907919453055765e-05, 1.8416389772664077e-05, 1.8875109804769577e-05, -0.00011490761688416905, -0.00012456517174297855, -0.0001474445331552128, 7.56319863005131e-05, -0.00010802478595702289, 2.3631705287028386e-05, 0.0004276037612243321, 8.397028096059782e-06, 8.229255050028629e-07, -7.644022809762248e-05, 0.0008895929208326259, -0.008876176406313045, 2.8432662690663397e-05], [5.225112798327933e-05, 9.97174976681796e-06, -4.434480058030677e-05, 3.2031205728760307e-06, 6.30797458013445e-06, -0.00021545117104042994, 2.1445703683611373e-05, -3.249854880269535e-05, -7.044177064863976e-05, -3.84706966045554e-05, -0.000654985255683581, -0.0001372203287136314, -0.00012096050872377196, 5.90615285425096e-05, -0.00042675561035971244, 6.839455447976109e-05, 4.56971215918182e-06, 2.4351629007565107e-05, -0.000937709153934239, 0.004675935659276074, -0.0006707082453310431, -0.00024775911496270067, -0.0005576514478032209, 2.875986635825479e-05, -0.0007041347647734259, -1.8350499742331544e-05, 9.506908727889622e-06, 9.881042199267575e-06, 5.6701802563501426e-05, 1.0752490239551712e-05, 1.0768192956694074e-05, -2.059464829775169e-05, 1.1554429952209059e-05, 1.1017589413979278e-05, 1.2940964832209988e-05, 5.752389917710559e-05, 5.811075734558388e-05, -1.2159097885531366e-05, -1.315287097313689e-05, 1.217218654415483e-05, 4.3197872576833434e-05, 1.2573705281509267e-05, 9.911925407517904e-06, 1.0127193459709149e-05, -0.00013558474411840915, -0.00014709821170838397, 4.436026514399804e-05, -1.231720689186682e-05, 6.663875186057127e-05, 8.35116537764924e-06, -0.00013486872095206298, 9.446070019763046e-06, -4.0113288951768657e-07, 3.820343475432067e-06, -0.00012376048126775644, 0.0007549645131338997, 5.45155678070405e-05], [-0.0007519235453481822, -0.0007070156377502786, -0.0007018280967295273, -0.000702901636527625, -0.0007051032937045285, -0.0005418702081489428, -0.0007218726862815488, -0.0006491082190768398, -0.0005849816621882806, -0.0007037267507593605, -0.000580541082809808, -0.0006923652318938837, -0.0007134272148141935, -0.0007610715950157273, -0.0009863225775397014, -0.0007657648829422917, -0.0007000302464854911, -0.0007279187751475394, 4.736543971618921e-05, -0.0006707082453310431, 0.017016651044313214, -0.0004904539486016777, -0.000779831018536295, -0.0007304460889079133, -0.00045481467766480686, -0.0006689987580960393, 2.18703825491654e-05, 1.264458509956999e-05, 3.434681880868119e-05, 1.6335484468960058e-05, 1.504378487131381e-05, 8.597452673506298e-05, 1.6678073262923894e-05, 1.594599769320109e-05, 8.421820679028393e-06, 3.525721139822636e-05, -0.00010494130172037049, -0.000104436366624471, -0.00010237592315740039, 2.2527705664567683e-05, 0.00041062170694241754, 2.5936795819755778e-05, 1.2133776839202395e-05, 1.6382692129816913e-05, -9.520126832500891e-05, 3.0275394770588835e-05, -0.00012699766828508597, -0.00011243916572838461, -8.098068183825277e-05, 1.3406962720424413e-05, -8.194243990125419e-05, 9.339705752972661e-06, 7.661246687120003e-09, 3.8236137559838226e-05, 0.0005725827597162786, -0.0033707450491680738, 7.474046752645128e-05], [-0.00022870743610420218, -0.00022459099386837962, -0.0002559025809578707, -0.00022682167198987213, -0.00022692933891609062, -0.0002491867478322217, -0.00022706380997093234, -0.00021581253305932488, -0.00019805767867879179, -0.00025193661994621185, -0.0004978686091977575, -0.00028903895195320206, -0.0002901771041821401, -0.0002297522335802719, -0.0006215609632677964, -0.00022512132128980932, -0.0002219291960461851, -0.00022974374521495975, -0.00028300226879741274, -0.00024775911496270067, -0.0004904539486016777, 0.007571814941056592, -0.0005644899211937956, -0.00022757242707364717, -0.000438744603609266, -0.0002161815911797597, 1.2865241596160534e-05, 1.1914748778840867e-05, -1.440901511377098e-05, 1.3873450142321808e-05, 1.2625410662508097e-05, -5.921985593864413e-05, 1.2065952812024474e-05, 1.3157594071141333e-05, 6.823367455445145e-06, -1.6837597249710966e-05, 9.766710647290352e-05, 3.45373499525628e-05, 0.00011565970932926897, 1.4216857550165824e-05, -0.00012184069290792956, 1.1717300654184725e-05, 8.422386005588697e-06, 1.309285181231178e-05, 9.896763425195058e-05, -1.644682630068403e-05, -0.00013511563138331477, -0.00014627515786898835, -9.494712977981812e-05, 9.117622566858796e-06, 0.00010267432074409655, 8.588282174424183e-06, -5.184588983609012e-07, 4.0685990665272425e-05, 8.965419589089734e-05, -0.001497339231804864, 3.7060601129565004e-05], [-0.0005374156974472283, -0.0005387343541267271, -0.0005604244571469183, -0.0005367316720533579, -0.0005342013898943184, -0.0005769623435437133, -0.0005386455137248261, -0.0005282439287171757, -0.0005243449584231975, -0.000561787176348459, -0.0007973094482263429, -0.0005984640092293106, -0.0005971383537150226, -0.0005367068889933509, -0.0008575365135189607, -0.0005334357973927691, -0.0005356372923113553, -0.0005382843944944884, -0.0006573124911222523, -0.0005576514478032209, -0.000779831018536295, -0.0005644899211937956, 0.015356783636088623, -0.000540527648680612, -0.0007645364617559151, -0.0005361722962090285, 4.66691426824139e-05, 3.126628731998553e-05, 5.7763440992501944e-05, 2.6476628368857746e-05, 2.853639444376884e-05, 9.947629772374436e-05, 3.334392243795157e-05, 2.5680050640115106e-05, 2.834763039416345e-05, 6.24625316454927e-05, -9.927064250446686e-05, 0.00010694419184185962, -9.959013158560293e-05, 4.245413852721929e-05, -0.00010633195599610049, 4.504192506759089e-05, 2.8282127298113976e-05, 3.0754346615657045e-05, -0.00011141146776446069, 5.942113275425572e-05, -0.00012378297277398557, -0.0001030674429250942, -8.995795062707418e-05, 2.9541879215935036e-05, -0.00010022828240700193, 2.5732410333567807e-05, 2.048611875750562e-07, -3.4631091857766335e-05, 0.0004439515412994781, -0.0010480145983509264, 0.0002000291353381233], [0.00018373723930784639, 0.00012576655224600481, 5.6548725212392933e-05, 0.00011607837903922464, 0.00011756104890417579, -0.00018102841362855433, 0.00014215903692836802, 5.8615277749188876e-05, 3.1898959573489024e-06, 6.430793875481132e-05, -0.0006992155282478404, -5.3448272190876325e-05, -2.842738651124648e-05, 0.00019522964650695777, -0.0003402827320967628, 0.00020794116149916973, 0.00011772147325779712, 0.00014581155816362508, -0.0011736755847477297, 2.875986635825479e-05, -0.0007304460889079133, -0.00022757242707364717, -0.000540527648680612, 0.003115431063715022, -0.0007797791620910835, 8.367380639103656e-05, -5.371182251304273e-06, -8.588323763529409e-07, 1.3655862446939911e-05, 2.0397968277539156e-06, 3.4456752272927087e-06, 2.277876212300548e-06, 7.360326237563678e-07, 4.908342000885942e-06, 2.2602749394712875e-06, 1.1432796289975893e-05, 3.3159983455861356e-05, 1.049514222879383e-05, 7.1198560044925025e-06, -4.321333709435683e-06, 1.3561583138945586e-05, -5.767984258568369e-06, -6.931724240952058e-07, 8.07298905390027e-08, 7.838418484325455e-06, 1.104256663110771e-05, 2.1707798001577592e-05, 1.012277613462179e-05, 2.7240900285158316e-05, -0.0001727056319573945, 1.054087138400776e-06, 2.142476607367327e-06, -1.810236912243471e-07, 3.0502346959715312e-05, -0.00023841142011018756, 0.0016326953414547724, -2.701893218753468e-05], [-0.0008081901765598296, -0.0007485768185071639, -0.0007437231159160183, -0.0007426304185868184, -0.0007457773423912774, -0.0005132165180527337, -0.0007678821041472814, -0.0006726697394303785, -0.0005866501388182845, -0.0007473781282740695, -0.0004990668162170103, -0.0007020943262605979, -0.0007231251106550134, -0.0008205911373003887, -0.0010393443883190178, -0.000827461437939072, -0.0007360039567556562, -0.0007759898780278587, 0.00031803610085203083, -0.0007041347647734259, -0.00045481467766480686, -0.000438744603609266, -0.0007645364617559151, -0.0007797791620910835, 0.01729578498297347, -0.0006990164200637826, 6.346217752587713e-06, 4.015582773538055e-06, -0.00012065436570906417, 9.501725406815436e-06, 7.162434536450579e-06, 7.60076181212067e-05, 6.4638784335235266e-06, 6.089027384545737e-06, -6.101384806180549e-06, -0.00012060536850911052, -9.500145588684835e-05, 9.499169135934962e-05, 9.367391815378852e-05, 1.026015033506676e-05, -9.071549367032744e-05, 7.949637532325686e-06, -1.6600968840805126e-07, 8.46246953482937e-06, 0.00042984570700350467, -0.00012516738894636234, -0.00011156012073773716, 8.603988688281951e-05, -9.928452841098768e-05, 1.131668440341612e-05, -9.036681713985712e-05, 5.064863313271569e-06, 5.4849874045769476e-08, 4.616533593714009e-05, 0.0006019165502964437, -0.004151319493021416, -6.496026072007956e-05], [0.0001074995259562609, 6.245906167050553e-05, 3.3412117702953337e-06, 5.397751090992691e-05, 5.725899836691808e-05, -0.00018270935656969117, 7.510939037684943e-05, 1.3462058271668646e-05, -2.784740222640254e-05, 7.89872373136231e-06, -0.0006473681918671877, -9.256416960999465e-05, -7.355032086302502e-05, 0.00011648439863328196, -0.0003899625612212295, 0.00012688661469764098, 5.634009507170868e-05, 7.779823013681378e-05, -0.0009730733507941373, -1.8350499742331544e-05, -0.0006689987580960393, -0.0002161815911797597, -0.0005361722962090285, 8.367380639103656e-05, -0.0006990164200637826, 0.0037201233974709187, -1.19953671008674e-06, 9.275881433774835e-07, 9.547262954452031e-06, 4.6133781927674655e-06, 2.604088893265932e-06, -1.0602737377147451e-07, 1.8894835778092562e-06, 3.590307270620843e-06, 3.666921933837427e-06, 1.0914250000073492e-05, 2.751195046379529e-05, 1.0175345157017878e-05, 8.075673848264176e-06, 2.3641471322325958e-07, 1.1009117600629026e-05, -1.8148142858328142e-06, 2.090630397288996e-06, 2.3717529231202112e-06, 6.61349072902327e-06, 9.86798099842119e-06, 1.5048378058255527e-05, 8.60941630710795e-06, 2.3417873239923042e-05, -7.343439048518392e-08, 2.959739445400466e-06, -0.00016708030449239734, -3.2518870884109346e-08, 1.8818876440607408e-05, -0.00018269005772358904, 0.0009583574447771285, -1.016499185982195e-05], [-0.00018015605691531618, -5.332375106735862e-06, 1.3924250151151364e-05, 2.0031652096745907e-07, -1.598195511299671e-06, -1.14236395683428e-06, -5.6165630112712415e-06, 1.6822240202736004e-06, 1.2360174156799836e-08, 9.60851822195001e-06, 4.716620769607835e-05, 2.3263621738226093e-05, 6.535367575750646e-06, -1.0353827866781752e-05, -3.50468953329885e-06, -1.4067042580716205e-05, -4.094732122574123e-06, -3.4990477311365022e-06, 3.538811187151578e-05, 9.506908727889622e-06, 2.18703825491654e-05, 1.2865241596160534e-05, 4.66691426824139e-05, -5.371182251304273e-06, 6.346217752587713e-06, -1.19953671008674e-06, 0.004836866116233386, -3.259896011270232e-05, -9.290834491535271e-05, -5.495029013822198e-05, -3.9946810410668436e-05, -0.0001836172509533645, -7.5705585513413976e-06, -2.9152647516220284e-05, -3.48361264178561e-05, -6.82412014337801e-05, -0.0006275709603935074, -0.00019764536077894197, -0.0001880075902495972, 3.8791888748990175e-05, -0.0006482363851787095, 0.00012625411627659722, -3.319059927316267e-05, -3.419147718519868e-05, -0.000672333414105185, -7.796213976505204e-05, -0.0007205012188906297, -0.00020199055945709944, -0.0002323088057383522, -5.824435244185813e-05, -0.0006287385598342857, -7.226849913024047e-05, 1.2940920063265037e-06, -5.4407054398290976e-05, 6.940095969129748e-05, -8.713786627921247e-05, 0.0026304034094317558], [-1.3307494645817965e-06, -0.0001698053132869796, 1.2024960917560581e-05, 3.5039874967553003e-06, 3.179373347963156e-06, -4.2294145211695876e-07, 4.694337869359921e-07, 3.425089060276934e-06, 1.9825808615302793e-06, 9.887807777743261e-06, 2.838227985199846e-05, 1.2397141551391329e-05, 5.403622078377539e-06, -8.107754897919039e-07, 3.738668591608322e-06, -1.3881313318022077e-06, -9.10196561943129e-08, 5.889895228477244e-07, 1.731229631034516e-05,